# DISTANCE:     AVE_GOFR:        ERROR:
           1           0           0           0
           16.67867e+160           0           0
           11.33573e+161           0           0
           1 2.0036e+161           0           0
           12.67147e+161           0           0
           13.33933e+161           0           0
           1 4.0072e+161           0           0
           14.67507e+161           0           0
           15.34293e+161           0           0
           1 6.0108e+161           0           0
           16.67867e+161           0           0
           17.34653e+161           0           0
           1 8.0144e+161           0           0
           18.68227e+161           0           0
           19.35013e+161           0           0
           1 1.0018e+162           0           0
           11.06859e+162           0           0
           11.13537e+162           0           0
           11.20216e+162           0           0
           11.26895e+162           0           0
           11.33573e+162           0           0
           11.40252e+162           0           0
           11.46931e+162           0           0
           11.53609e+162           0           0
           11.60288e+162           0           0
           11.66967e+162           0           0
           11.73645e+162           0           0
           11.80324e+162           0           0
           11.87003e+162           0           0
           11.93681e+162           0           0
           1 2.0036e+162           0           0
           12.07039e+162           0           0
           12.13717e+162           0           0
           12.20396e+162           0           0
           12.27075e+162 1.07806e-07           0
           12.33753e+162  1.3073e-05           0
           12.40432e+162 9.63638e-05           0
           12.47111e+162  0.00033024           0
           12.53789e+162 0.000729929           0
           12.60468e+162  0.00108559           0
           12.67147e+162  0.00143742           0
           12.73825e+162  0.00151847           0
           12.80504e+162  0.00150728           0
           12.87183e+162   0.0014096           0
           12.93861e+162  0.00127819           0
           1 3.0054e+162  0.00120224           0
           13.07219e+162  0.00113419           0
           13.13897e+162 0.000980413           0
           13.20576e+162 0.000844848           0
           13.27255e+162  0.00074388           0
           13.33933e+162 0.000676027           0
           13.40612e+162 0.000627984           0
           13.47291e+162 0.000565354           0
           13.53969e+162 0.000513806           0
           13.60648e+162 0.000468762           0
           13.67327e+162 0.000478708           0
           13.74005e+162 0.000467224           0
           13.80684e+162 0.000474615           0
           13.87363e+162 0.000429428           0
           13.94041e+162 0.000435704           0
           1 4.0072e+162  0.00039926           0
           14.07399e+162 0.000411736           0
           14.14077e+162 0.000406733           0
           14.20756e+162 0.000427937           0
           14.27435e+162 0.000440075           0
           14.34113e+162 0.000442359           0
           14.40792e+162 0.000458143           0
           14.47471e+162 0.000455239           0
           14.54149e+162 0.000496412           0
           14.60828e+162  0.00051402           0
           14.67507e+162 0.000532524           0
           14.74185e+162 0.000577927           0
           14.80864e+162 0.000614131           0
           14.87543e+162 0.000659793           0
           14.94221e+162 0.000702934           0
           1  5.009e+162 0.000707354           0
           15.07579e+162 0.000703443           0
           15.14257e+162 0.000729321           0
           15.20936e+162 0.000732503           0
           15.27615e+162 0.000744977           0
           15.34293e+162 0.000753774           0
           15.40972e+162 0.000774773           0
           15.47651e+162    0.000761           0
           15.54329e+162 0.000743381           0
           15.61008e+162 0.000761749           0
           15.67687e+162 0.000726793           0
           15.74365e+162 0.000695112           0
           15.81044e+162 0.000674457           0
           15.87723e+162 0.000659257           0
           15.94401e+162  0.00064068           0
           1 6.0108e+162 0.000639249           0
           16.07759e+162 0.000617113           0
           16.14437e+162 0.000605923           0
           16.21116e+162 0.000600797           0
           16.27795e+162 0.000589566           0
           16.34473e+162 0.000603742           0
           16.41152e+162 0.000594417           0
           16.47831e+162 0.000570473           0
           16.54509e+162 0.000548626           0
           16.61188e+162 0.000548311           0
           2           0           0           0
           26.67867e+160           0           0
           21.33573e+161           0           0
           2 2.0036e+161           0           0
           22.67147e+161           0           0
           23.33933e+161           0           0
           2 4.0072e+161           0           0
           24.67507e+161           0           0
           25.34293e+161           0           0
           2 6.0108e+161           0           0
           26.67867e+161           0           0
           27.34653e+161           0           0
           2 8.0144e+161           0           0
           28.68227e+161           0           0
           29.35013e+161           0           0
           2 1.0018e+162           0           0
           21.06859e+162           0           0
           21.13537e+162           0           0
           21.20216e+162           0           0
           21.26895e+162           0           0
           21.33573e+162           0           0
           21.40252e+162           0           0
           21.46931e+162           0           0
           21.53609e+162           0           0
           21.60288e+162           0           0
           21.66967e+162           0           0
           21.73645e+162           0           0
           21.80324e+162           0           0
           21.87003e+162           0           0
           21.93681e+162           0           0
           2 2.0036e+162           0           0
           22.07039e+162           0           0
           22.13717e+162           0           0
           22.20396e+162           0           0
           22.27075e+162 2.42563e-07 3.77941e-05
           22.33753e+162 1.23326e-05  0.00172887
           22.40432e+162 0.000104358   0.0150366
           22.47111e+162 0.000336315   0.0495803
           22.53789e+162  0.00073573    0.111194
           22.60468e+162  0.00113052    0.175211
           22.67147e+162  0.00141124     0.22385
           22.73825e+162  0.00151077    0.245237
           22.80504e+162  0.00151916    0.252272
           22.87183e+162  0.00145752    0.247602
           22.93861e+162  0.00130926    0.227244
           2 3.0054e+162  0.00119879    0.212486
           23.07219e+162  0.00111219    0.201325
           23.13897e+162 0.000960468    0.177449
           23.20576e+162 0.000847368    0.159682
           23.27255e+162 0.000754359    0.144984
           23.33933e+162 0.000654896    0.128366
           23.40612e+162 0.000602392    0.120369
           23.47291e+162 0.000575351    0.117027
           23.53969e+162 0.000513737    0.106396
           23.60648e+162  0.00046316   0.0976567
           23.67327e+162 0.000458768   0.0985283
           23.74005e+162 0.000434509   0.0951202
           23.80684e+162 0.000441144   0.0982277
           23.87363e+162 0.000414164   0.0935648
           23.94041e+162 0.000422916   0.0970996
           2 4.0072e+162 0.000400942   0.0935095
           24.07399e+162 0.000426812    0.101198
           24.14077e+162 0.000422692    0.101808
           24.20756e+162 0.000431737    0.105528
           24.27435e+162 0.000428302    0.106322
           24.34113e+162 0.000445763    0.112282
           24.40792e+162 0.000468336     0.11974
           24.47471e+162 0.000468122     0.12145
           24.54149e+162 0.000499374    0.131375
           24.60828e+162 0.000534586    0.142736
           24.67507e+162 0.000548571    0.148473
           24.74185e+162 0.000580028    0.159085
           24.80864e+162 0.000618395    0.171918
           24.87543e+162  0.00064829    0.182673
           24.94221e+162 0.000676323    0.193215
           2  5.009e+162 0.000708651    0.204939
           25.07579e+162 0.000711957    0.208566
           25.14257e+162 0.000739962    0.219538
           25.20936e+162 0.000749647    0.225245
           25.27615e+162 0.000783775    0.238654
           25.34293e+162 0.000777694    0.239528
           25.40972e+162 0.000775942    0.241772
           25.47651e+162 0.000755252     0.23815
           25.54329e+162 0.000745828    0.237955
           25.61008e+162  0.00074476    0.240455
           25.67687e+162  0.00072442    0.236532
           25.74365e+162 0.000681055    0.224961
           25.81044e+162 0.000673982    0.225092
           25.87723e+162 0.000659617    0.222756
           25.94401e+162  0.00063842    0.217981
           2 6.0108e+162 0.000628694    0.217036
           26.07759e+162 0.000610443    0.212996
           26.14437e+162 0.000597656    0.210772
           26.21116e+162 0.000587536    0.209429
           26.27795e+162  0.00057575    0.207384
           26.34473e+162 0.000583567    0.212443
           26.41152e+162 0.000574632    0.211335
           26.47831e+162  0.00056281    0.208984
           26.54509e+162 0.000546731    0.205036
           26.61188e+162 0.000544794    0.206346
           3           0           0           0
           36.67867e+160           0           0
           31.33573e+161           0           0
           3 2.0036e+161           0           0
           32.67147e+161           0           0
           33.33933e+161           0           0
           3 4.0072e+161           0           0
           34.67507e+161           0           0
           35.34293e+161           0           0
           3 6.0108e+161           0           0
           36.67867e+161           0           0
           37.34653e+161           0           0
           3 8.0144e+161           0           0
           38.68227e+161           0           0
           39.35013e+161           0           0
           3 1.0018e+162           0           0
           31.06859e+162           0           0
           31.13537e+162           0           0
           31.20216e+162           0           0
           31.26895e+162           0           0
           31.33573e+162           0           0
           31.40252e+162           0           0
           31.46931e+162           0           0
           31.53609e+162           0           0
           31.60288e+162           0           0
           31.66967e+162           0           0
           31.73645e+162           0           0
           31.80324e+162           0           0
           31.87003e+162           0           0
           31.93681e+162           0           0
           3 2.0036e+162           0           0
           32.07039e+162           0           0
           32.13717e+162           0           0
           32.20396e+162           0           0
           32.27075e+162  3.0545e-07 3.74359e-05
           32.33753e+162 1.46221e-05  0.00171253
           32.40432e+162 0.000108347   0.0127496
           32.47111e+162  0.00034012   0.0409429
           32.53789e+162 0.000718706   0.0887376
           32.60468e+162  0.00111111    0.140612
           32.67147e+162  0.00139593    0.180801
           32.73825e+162  0.00153265    0.203176
           32.80504e+162  0.00153638    0.208338
           32.87183e+162  0.00142558    0.197802
           32.93861e+162  0.00130083     0.18434
           3 3.0054e+162  0.00119528    0.172988
           33.07219e+162  0.00109572    0.161974
           33.13897e+162 0.000939664    0.141808
           33.20576e+162 0.000854572    0.131498
           33.27255e+162 0.000766544    0.120317
           33.33933e+162 0.000686162    0.110019
           33.40612e+162 0.000618583    0.100958
           33.47291e+162  0.00058555   0.0972702
           33.53969e+162 0.000527461   0.0892529
           33.60648e+162 0.000479245   0.0825961
           33.67327e+162 0.000470084   0.0824518
           33.74005e+162 0.000434376   0.0775687
           33.80684e+162 0.000441949   0.0802719
           33.87363e+162 0.000421489   0.0777511
           33.94041e+162 0.000407868   0.0765547
           3 4.0072e+162 0.000398567   0.0759004
           34.07399e+162 0.000420392   0.0813879
           34.14077e+162 0.000419789     0.08254
           34.20756e+162  0.00042941   0.0857002
           34.27435e+162  0.00042998   0.0871423
           34.34113e+162 0.000443919   0.0912994
           34.40792e+162 0.000473428   0.0988338
           34.47471e+162 0.000467688   0.0990593
           34.54149e+162 0.000501122    0.107643
           34.60828e+162 0.000528691    0.115246
           34.67507e+162 0.000543555    0.120113
           34.74185e+162  0.00058153    0.130229
           34.80864e+162 0.000614369    0.139462
           34.87543e+162 0.000643931    0.148148
           34.94221e+162 0.000667661    0.155727
           3  5.009e+162  0.00069564    0.164317
           35.07579e+162 0.000701742    0.167882
           35.14257e+162 0.000726783    0.176112
           35.20936e+162 0.000739411     0.18142
           35.27615e+162 0.000779672    0.193768
           35.34293e+162 0.000774719    0.194799
           35.40972e+162 0.000773067    0.196677
           35.47651e+162 0.000756702     0.19482
           35.54329e+162 0.000749816    0.195334
           35.61008e+162 0.000752352    0.198335
           35.67687e+162 0.000732802    0.195387
           35.74365e+162 0.000700231    0.188978
           35.81044e+162 0.000684196    0.186614
           35.87723e+162  0.00066538    0.183482
           35.94401e+162 0.000647568    0.180567
           3 6.0108e+162 0.000636944    0.179555
           36.07759e+162 0.000618452    0.176218
           36.14437e+162 0.000599345    0.172577
           36.21116e+162 0.000584728    0.170171
           36.27795e+162 0.000570029    0.167647
           36.34473e+162 0.000576273    0.171286
           36.41152e+162 0.000566773    0.170196
           36.47831e+162 0.000558548    0.169348
           36.54509e+162 0.000552015    0.169045
           36.61188e+162 0.000561879    0.173923
           4           0           0           0
           46.67867e+160           0           0
           41.33573e+161           0           0
           4 2.0036e+161           0           0
           42.67147e+161           0           0
           43.33933e+161           0           0
           4 4.0072e+161           0           0
           44.67507e+161           0           0
           45.34293e+161           0           0
           4 6.0108e+161           0           0
           46.67867e+161           0           0
           47.34653e+161           0           0
           4 8.0144e+161           0           0
           48.68227e+161           0           0
           49.35013e+161           0           0
           4 1.0018e+162           0           0
           41.06859e+162           0           0
           41.13537e+162           0           0
           41.20216e+162           0           0
           41.26895e+162           0           0
           41.33573e+162           0           0
           41.40252e+162           0           0
           41.46931e+162           0           0
           41.53609e+162           0           0
           41.60288e+162           0           0
           41.66967e+162           0           0
           41.73645e+162           0           0
           41.80324e+162           0           0
           41.87003e+162           0           0
           41.93681e+162           0           0
           4 2.0036e+162           0           0
           42.07039e+162           0           0
           42.13717e+162           0           0
           42.20396e+162           0           0
           42.27075e+162  3.7732e-07 4.00447e-05
           42.33753e+162 1.66477e-05  0.00170696
           42.40432e+162 0.000107459   0.0109439
           42.47111e+162  0.00034292   0.0357509
           42.53789e+162 0.000724949   0.0775132
           42.60468e+162  0.00111363    0.122024
           42.67147e+162  0.00139439    0.156398
           42.73825e+162  0.00152231    0.174771
           42.80504e+162  0.00154219    0.181106
           42.87183e+162  0.00143523    0.172433
           42.93861e+162  0.00129815    0.159306
           4 3.0054e+162  0.00117681    0.147551
           43.07219e+162  0.00107842      0.1381
           43.13897e+162 0.000935211    0.122213
           43.20576e+162 0.000844531    0.112564
           43.27255e+162 0.000748903    0.101877
           43.33933e+162  0.00068611   0.0952154
           43.40612e+162 0.000622263   0.0879287
           43.47291e+162 0.000584128   0.0840263
           43.53969e+162 0.000535897   0.0785461
           43.60648e+162 0.000482558   0.0720079
           43.67327e+162 0.000469916   0.0713589
           43.74005e+162 0.000443485   0.0685922
           43.80684e+162 0.000447382   0.0703516
           43.87363e+162 0.000426073   0.0680653
           43.94041e+162 0.000412031   0.0669553
           4 4.0072e+162 0.000404886   0.0667973
           44.07399e+162 0.000428411    0.071853
           44.14077e+162 0.000425195   0.0724095
           44.20756e+162 0.000440236   0.0761575
           44.27435e+162 0.000436921   0.0767091
           44.34113e+162 0.000449984   0.0801688
           44.40792e+162 0.000473322   0.0855677
           44.47471e+162 0.000468724   0.0859729
           44.54149e+162 0.000500046   0.0930217
           44.60828e+162 0.000526825     0.09944
           44.67507e+162 0.000541228    0.103569
           44.74185e+162 0.000574803      0.1115
           44.80864e+162 0.000612132    0.120338
           44.87543e+162 0.000645981    0.128705
           44.94221e+162 0.000668076    0.134924
           4  5.009e+162 0.000693711    0.141897
           45.07579e+162  0.00069986    0.144992
           45.14257e+162 0.000729304    0.153034
           45.20936e+162 0.000742056    0.157665
           45.27615e+162 0.000767149    0.165147
           45.34293e+162 0.000765404    0.166696
           45.40972e+162 0.000763559    0.168271
           45.47651e+162 0.000750019    0.167248
           45.54329e+162 0.000746252    0.168365
           45.61008e+162 0.000746355    0.170399
           45.67687e+162 0.000726082    0.167675
           45.74365e+162 0.000697934     0.16309
           45.81044e+162 0.000687419    0.162369
           45.87723e+162 0.000666432    0.159149
           45.94401e+162   0.0006514    0.157301
           4 6.0108e+162 0.000637432    0.155609
           46.07759e+162 0.000625418    0.154349
           46.14437e+162 0.000604554    0.150769
           46.21116e+162 0.000588745    0.148387
           46.27795e+162 0.000576122    0.146752
           46.34473e+162 0.000576192    0.148296
           46.41152e+162 0.000564523     0.14679
           46.47831e+162 0.000565771    0.148587
           46.54509e+162 0.000558054    0.148021
           46.61188e+162 0.000566974    0.151969
           5           0           0           0
           56.67867e+160           0           0
           51.33573e+161           0           0
           5 2.0036e+161           0           0
           52.67147e+161           0           0
           53.33933e+161           0           0
           5 4.0072e+161           0           0
           54.67507e+161           0           0
           55.34293e+161           0           0
           5 6.0108e+161           0           0
           56.67867e+161           0           0
           57.34653e+161           0           0
           5 8.0144e+161           0           0
           58.68227e+161           0           0
           59.35013e+161           0           0
           5 1.0018e+162           0           0
           51.06859e+162           0           0
           51.13537e+162           0           0
           51.20216e+162           0           0
           51.26895e+162           0           0
           51.33573e+162           0           0
           51.40252e+162           0           0
           51.46931e+162           0           0
           51.53609e+162           0           0
           51.60288e+162           0           0
           51.66967e+162           0           0
           51.73645e+162           0           0
           51.80324e+162           0           0
           51.87003e+162           0           0
           51.93681e+162           0           0
           5 2.0036e+162           0           0
           52.07039e+162           0           0
           52.13717e+162           0           0
           52.20396e+162           0           0
           52.27075e+162 3.01856e-07 3.20358e-05
           52.33753e+162 1.61677e-05  0.00147742
           52.40432e+162 0.000108398  0.00987033
           52.47111e+162 0.000344342   0.0321085
           52.53789e+162  0.00072711   0.0695301
           52.60468e+162  0.00111326    0.109092
           52.67147e+162  0.00138192    0.138653
           52.73825e+162  0.00152684    0.156781
           52.80504e+162  0.00154209    0.161971
           52.87183e+162  0.00144402    0.155163
           52.93861e+162  0.00130459    0.143197
           5 3.0054e+162  0.00117837    0.132139
           53.07219e+162  0.00107131    0.122702
           53.13897e+162 0.000933495    0.109099
           53.20576e+162 0.000842065    0.100383
           53.27255e+162 0.000748516   0.0910553
           53.33933e+162 0.000685547   0.0850633
           53.40612e+162 0.000618309   0.0781379
           53.47291e+162 0.000575934   0.0741271
           53.53969e+162 0.000533307   0.0699059
           53.60648e+162 0.000483249   0.0644862
           53.67327e+162 0.000473729   0.0643394
           53.74005e+162 0.000453819   0.0628157
           53.80684e+162 0.000451205   0.0634494
           53.87363e+162 0.000430335   0.0614909
           53.94041e+162 0.000413344   0.0600616
           5 4.0072e+162 0.000404202   0.0596401
           54.07399e+162  0.00042301   0.0634663
           54.14077e+162 0.000420208   0.0640162
           54.20756e+162  0.00043395   0.0671616
           54.27435e+162 0.000437269   0.0686576
           54.34113e+162 0.000450656   0.0718082
           54.40792e+162 0.000470626   0.0761002
           54.47471e+162  0.00046798    0.076772
           54.54149e+162 0.000503691    0.083816
           54.60828e+162 0.000527411   0.0890321
           54.67507e+162 0.000542725   0.0928863
           54.74185e+162 0.000573182   0.0994445
           54.80864e+162 0.000609657    0.107201
           54.87543e+162 0.000654065    0.116591
           54.94221e+162 0.000675018    0.121946
           5  5.009e+162 0.000698718    0.127839
           55.07579e+162 0.000701868    0.130054
           55.14257e+162 0.000728928    0.136798
           55.20936e+162 0.000740923    0.140797
           55.27615e+162  0.00075778    0.145925
           55.34293e+162  0.00075786    0.147644
           55.40972e+162 0.000765394    0.150862
           55.47651e+162  0.00075655    0.150912
           55.54329e+162  0.00074871    0.151087
           55.61008e+162 0.000744217    0.151966
           55.67687e+162 0.000723215    0.149379
           55.74365e+162 0.000698539    0.145979
           55.81044e+162 0.000687702    0.145282
           55.87723e+162 0.000665314    0.142108
           55.94401e+162 0.000650491    0.140493
           5 6.0108e+162 0.000636694    0.139015
           56.07759e+162 0.000628419    0.138712
           56.14437e+162 0.000608183    0.135666
           56.21116e+162 0.000588968    0.132766
           56.27795e+162 0.000576052    0.131233
           56.34473e+162 0.000574079    0.132147
           56.41152e+162 0.000564202    0.131207
           56.47831e+162 0.000565345    0.132792
           56.54509e+162 0.000558219    0.132426
           56.61188e+162 0.000565751    0.135612
           6           0           0           0
           66.67867e+160           0           0
           61.33573e+161           0           0
           6 2.0036e+161           0           0
           62.67147e+161           0           0
           63.33933e+161           0           0
           6 4.0072e+161           0           0
           64.67507e+161           0           0
           65.34293e+161           0           0
           6 6.0108e+161           0           0
           66.67867e+161           0           0
           67.34653e+161           0           0
           6 8.0144e+161           0           0
           68.68227e+161           0           0
           69.35013e+161           0           0
           6 1.0018e+162           0           0
           61.06859e+162           0           0
           61.13537e+162           0           0
           61.20216e+162           0           0
           61.26895e+162           0           0
           61.33573e+162           0           0
           61.40252e+162           0           0
           61.46931e+162           0           0
           61.53609e+162           0           0
           61.60288e+162           0           0
           61.66967e+162           0           0
           61.73645e+162           0           0
           61.80324e+162           0           0
           61.87003e+162           0           0
           61.93681e+162           0           0
           6 2.0036e+162           0           0
           62.07039e+162           0           0
           62.13717e+162           0           0
           62.20396e+162           0           0
           62.27075e+162 6.01916e-07 7.25772e-05
           62.33753e+162 1.56689e-05  0.00130562
           62.40432e+162 0.000106514  0.00885801
           62.47111e+162 0.000347776    0.029609
           62.53789e+162 0.000721932   0.0630238
           62.60468e+162   0.0011087    0.099175
           62.67147e+162  0.00138239    0.126609
           62.73825e+162  0.00152015    0.142496
           62.80504e+162  0.00154278    0.147923
           62.87183e+162  0.00145349     0.14257
           62.93861e+162  0.00132323    0.132649
           6 3.0054e+162  0.00118314    0.121112
           63.07219e+162  0.00107567    0.112459
           63.13897e+162 0.000932092   0.0994377
           63.20576e+162 0.000839981   0.0914078
           63.27255e+162 0.000748556   0.0831141
           63.33933e+162 0.000677312   0.0767312
           63.40612e+162 0.000613005   0.0707217
           63.47291e+162 0.000568021   0.0667648
           63.53969e+162 0.000531067   0.0635424
           63.60648e+162 0.000486984   0.0593232
           63.67327e+162 0.000469143   0.0581717
           63.74005e+162  0.00045137   0.0570145
           63.80684e+162 0.000449529   0.0576947
           63.87363e+162 0.000432247    0.056378
           63.94041e+162 0.000415644   0.0551267
           6 4.0072e+162 0.000408222   0.0549954
           64.07399e+162 0.000422318   0.0578313
           64.14077e+162 0.000422355   0.0587327
           64.20756e+162 0.000430914   0.0608772
           64.27435e+162 0.000435065   0.0623592
           64.34113e+162 0.000446575   0.0649692
           64.40792e+162 0.000470686   0.0694758
           64.47471e+162 0.000471306   0.0705876
           64.54149e+162 0.000506851    0.076999
           64.60828e+162 0.000530451   0.0817444
           64.67507e+162 0.000546322   0.0853604
           64.74185e+162 0.000578927   0.0917093
           64.80864e+162 0.000612337    0.098294
           64.87543e+162 0.000652078    0.106104
           64.94221e+162 0.000673271    0.111023
           6  5.009e+162 0.000696853    0.116385
           65.07579e+162 0.000705996    0.119427
           65.14257e+162 0.000728988    0.124884
           65.20936e+162 0.000739112    0.128212
           65.27615e+162 0.000756295    0.132925
           65.34293e+162  0.00075514    0.134288
           65.40972e+162 0.000761747    0.137065
           65.47651e+162  0.00075611    0.137678
           65.54329e+162 0.000749646    0.138095
           65.61008e+162 0.000742023    0.138314
           65.67687e+162 0.000721401    0.136019
           65.74365e+162 0.000702437    0.134001
           65.81044e+162 0.000685595    0.132217
           65.87723e+162 0.000665984    0.129856
           65.94401e+162 0.000649864    0.128125
           6 6.0108e+162 0.000636391    0.126839
           66.07759e+162 0.000625484    0.126036
           66.14437e+162 0.000607567    0.123716
           66.21116e+162 0.000589865     0.12138
           66.27795e+162 0.000576686    0.119924
           66.34473e+162 0.000572099    0.120213
           66.41152e+162 0.000562076     0.11932
           66.47831e+162 0.000563587    0.120843
           66.54509e+162 0.000559766    0.121221
           66.61188e+162  0.00056698    0.124052
           7           0           0           0
           76.67867e+160           0           0
           71.33573e+161           0           0
           7 2.0036e+161           0           0
           72.67147e+161           0           0
           73.33933e+161           0           0
           7 4.0072e+161           0           0
           74.67507e+161           0           0
           75.34293e+161           0           0
           7 6.0108e+161           0           0
           76.67867e+161           0           0
           77.34653e+161           0           0
           7 8.0144e+161           0           0
           78.68227e+161           0           0
           79.35013e+161           0           0
           7 1.0018e+162           0           0
           71.06859e+162           0           0
           71.13537e+162           0           0
           71.20216e+162           0           0
           71.26895e+162           0           0
           71.33573e+162           0           0
           71.40252e+162           0           0
           71.46931e+162           0           0
           71.53609e+162           0           0
           71.60288e+162           0           0
           71.66967e+162           0           0
           71.73645e+162           0           0
           71.80324e+162           0           0
           71.87003e+162           0           0
           71.93681e+162           0           0
           7 2.0036e+162           0           0
           72.07039e+162           0           0
           72.13717e+162           0           0
           72.20396e+162           0           0
           72.27075e+162 6.16033e-07 6.51289e-05
           72.33753e+162 1.49406e-05  0.00115832
           72.40432e+162 0.000105029  0.00808894
           72.47111e+162 0.000346165   0.0272858
           72.53789e+162 0.000720328   0.0582159
           72.60468e+162  0.00110923   0.0918553
           72.67147e+162  0.00138795     0.11769
           72.73825e+162  0.00151809    0.131744
           72.80504e+162  0.00154177    0.136858
           72.87183e+162  0.00145142    0.131796
           72.93861e+162  0.00132025    0.122523
           7 3.0054e+162  0.00118197    0.112013
           73.07219e+162    0.001071    0.103663
           73.13897e+162 0.000934318    0.092278
           73.20576e+162 0.000839232   0.0845494
           73.27255e+162 0.000752653   0.0773684
           73.33933e+162 0.000677906   0.0710854
           73.40612e+162 0.000617026    0.065904
           73.47291e+162 0.000574375   0.0625159
           73.53969e+162 0.000530979   0.0588135
           73.60648e+162 0.000484599    0.054652
           73.67327e+162 0.000466587   0.0535612
           73.74005e+162 0.000453045   0.0529656
           73.80684e+162 0.000448832   0.0533234
           73.87363e+162 0.000429277   0.0518401
           73.94041e+162 0.000412938    0.050705
           7 4.0072e+162 0.000409949     0.05113
           74.07399e+162 0.000425379   0.0539296
           74.14077e+162 0.000425509   0.0547849
           74.20756e+162 0.000434791   0.0568717
           74.27435e+162 0.000434679   0.0576786
           74.34113e+162 0.000446099   0.0600823
           74.40792e+162 0.000467022   0.0638317
           74.47471e+162 0.000473269   0.0656245
           74.54149e+162 0.000507738   0.0714105
           74.60828e+162 0.000529081   0.0754824
           74.67507e+162 0.000547118   0.0791403
           74.74185e+162 0.000579546   0.0849924
           74.80864e+162 0.000614044   0.0912568
           74.87543e+162 0.000644926   0.0971875
           74.94221e+162 0.000666743    0.101813
           7  5.009e+162 0.000689866      0.1067
           75.07579e+162 0.000706337    0.110618
           75.14257e+162 0.000725381    0.115054
           75.20936e+162 0.000738695    0.118631
           75.27615e+162 0.000756258    0.123042
           75.34293e+162 0.000756231    0.124498
           75.40972e+162 0.000767535    0.127879
           75.47651e+162 0.000762941    0.128643
           75.54329e+162 0.000752071    0.128267
           75.61008e+162 0.000746154    0.128774
           75.67687e+162 0.000724762     0.12652
           75.74365e+162 0.000703659    0.124268
           75.81044e+162 0.000685295    0.122353
           75.87723e+162 0.000663735     0.11982
           75.94401e+162 0.000648757    0.118417
           7 6.0108e+162 0.000638549     0.11783
           76.07759e+162 0.000623665    0.116345
           76.14437e+162 0.000607643    0.114551
           76.21116e+162 0.000592342    0.112852
           76.27795e+162 0.000578748    0.111425
           76.34473e+162 0.000571581     0.11119
           76.41152e+162 0.000561628    0.110376
           76.47831e+162 0.000562384    0.111637
           76.54509e+162 0.000558747    0.112023
           76.61188e+162 0.000564581    0.114362
           8           0           0           0
           86.67867e+160           0           0
           81.33573e+161           0           0
           8 2.0036e+161           0           0
           82.67147e+161           0           0
           83.33933e+161           0           0
           8 4.0072e+161           0           0
           84.67507e+161           0           0
           85.34293e+161           0           0
           8 6.0108e+161           0           0
           86.67867e+161           0           0
           87.34653e+161           0           0
           8 8.0144e+161           0           0
           88.68227e+161           0           0
           89.35013e+161           0           0
           8 1.0018e+162           0           0
           81.06859e+162           0           0
           81.13537e+162           0           0
           81.20216e+162           0           0
           81.26895e+162           0           0
           81.33573e+162           0           0
           81.40252e+162           0           0
           81.46931e+162           0           0
           81.53609e+162           0           0
           81.60288e+162           0           0
           81.66967e+162           0           0
           81.73645e+162           0           0
           81.80324e+162           0           0
           81.87003e+162           0           0
           81.93681e+162           0           0
           8 2.0036e+162           0           0
           82.07039e+162           0           0
           82.13717e+162           0           0
           82.20396e+162           0           0
           82.27075e+162 6.67049e-07 6.20942e-05
           82.33753e+162 1.52051e-05  0.00109785
           82.40432e+162 0.000103443  0.00745624
           82.47111e+162 0.000347747   0.0256405
           82.53789e+162 0.000721102   0.0545115
           82.60468e+162  0.00111371   0.0862707
           82.67147e+162   0.0013881    0.110097
           82.73825e+162  0.00151931    0.123331
           82.80504e+162   0.0015437    0.128179
           82.87183e+162  0.00144705    0.122909
           82.93861e+162  0.00131359    0.114034
           8 3.0054e+162  0.00117785    0.104415
           83.07219e+162  0.00106482    0.096414
           83.13897e+162 0.000935277   0.0864035
           83.20576e+162 0.000839339    0.079097
           83.27255e+162  0.00075553   0.0726451
           83.33933e+162 0.000678932   0.0665838
           83.40612e+162 0.000618167    0.061755
           83.47291e+162 0.000574037   0.0584348
           83.53969e+162 0.000532989   0.0552217
           83.60648e+162   0.0004901   0.0517199
           83.67327e+162 0.000471534    0.050646
           83.74005e+162 0.000452504   0.0494741
           83.80684e+162 0.000448454   0.0498311
           83.87363e+162 0.000427741   0.0483165
           83.94041e+162 0.000413239   0.0474589
           8 4.0072e+162 0.000410543   0.0478945
           84.07399e+162 0.000427264   0.0506671
           84.14077e+162  0.00042841   0.0515987
           84.20756e+162 0.000435353   0.0532596
           84.27435e+162 0.000432085   0.0536358
           84.34113e+162 0.000443838   0.0559198
           84.40792e+162 0.000465554    0.059521
           84.47471e+162 0.000472926   0.0613397
           84.54149e+162 0.000505072   0.0664528
           84.60828e+162 0.000527195   0.0703556
           84.67507e+162 0.000547101    0.074024
           84.74185e+162  0.00057886   0.0794061
           84.80864e+162 0.000615703   0.0855943
           84.87543e+162 0.000645797    0.091026
           84.94221e+162 0.000667946   0.0954011
           8  5.009e+162 0.000689725   0.0997812
           85.07579e+162 0.000708072    0.103727
           85.14257e+162  0.00072374    0.107378
           85.20936e+162  0.00073654    0.110646
           85.27615e+162 0.000753288    0.114638
           85.34293e+162 0.000752996     0.11596
           85.40972e+162 0.000764318     0.11912
           85.47651e+162 0.000760365    0.119927
           85.54329e+162 0.000752255    0.120011
           85.61008e+162 0.000744976    0.120263
           85.67687e+162 0.000725035     0.11839
           85.74365e+162  0.00070999    0.117313
           85.81044e+162 0.000687894    0.114888
           85.87723e+162 0.000668752     0.11295
           85.94401e+162 0.000650571     0.11108
           8 6.0108e+162 0.000639996    0.110469
           86.07759e+162 0.000624429     0.10896
           86.14437e+162 0.000608828    0.107361
           86.21116e+162 0.000595753    0.106181
           86.27795e+162 0.000579287    0.104323
           86.34473e+162 0.000571878    0.104059
           86.41152e+162 0.000563854    0.103658
           86.47831e+162 0.000562123    0.104376
           86.54509e+162 0.000557521    0.104558
           86.61188e+162 0.000564093    0.106876
           9           0           0           0
           96.67867e+160           0           0
           91.33573e+161           0           0
           9 2.0036e+161           0           0
           92.67147e+161           0           0
           93.33933e+161           0           0
           9 4.0072e+161           0           0
           94.67507e+161           0           0
           95.34293e+161           0           0
           9 6.0108e+161           0           0
           96.67867e+161           0           0
           97.34653e+161           0           0
           9 8.0144e+161           0           0
           98.68227e+161           0           0
           99.35013e+161           0           0
           9 1.0018e+162           0           0
           91.06859e+162           0           0
           91.13537e+162           0           0
           91.20216e+162           0           0
           91.26895e+162           0           0
           91.33573e+162           0           0
           91.40252e+162           0           0
           91.46931e+162           0           0
           91.53609e+162           0           0
           91.60288e+162           0           0
           91.66967e+162           0           0
           91.73645e+162           0           0
           91.80324e+162           0           0
           91.87003e+162           0           0
           91.93681e+162           0           0
           9 2.0036e+162           0           0
           92.07039e+162           0           0
           92.13717e+162           0           0
           92.20396e+162           0           0
           92.27075e+162 5.92932e-07 5.51949e-05
           92.33753e+162 1.61768e-05   0.0011089
           92.40432e+162 0.000103593  0.00703733
           92.47111e+162 0.000348927   0.0242559
           92.53789e+162  0.00071859   0.0512153
           92.60468e+162  0.00111425   0.0813722
           92.67147e+162  0.00139053     0.10398
           92.73825e+162  0.00152231    0.116507
           92.80504e+162  0.00154604    0.121031
           92.87183e+162  0.00144153    0.115438
           92.93861e+162   0.0013147    0.107596
           9 3.0054e+162   0.0011736     0.09809
           93.07219e+162  0.00106703   0.0910833
           93.13897e+162   0.0009401   0.0818879
           93.20576e+162 0.000841916   0.0748037
           93.27255e+162 0.000762085   0.0690993
           93.33933e+162 0.000680511   0.0629145
           93.40612e+162 0.000619071   0.0583035
           93.47291e+162 0.000572534   0.0549439
           93.53969e+162 0.000533116   0.0520728
           93.60648e+162 0.000488909   0.0486391
           93.67327e+162 0.000469351   0.0475269
           93.74005e+162 0.000450702   0.0464537
           93.80684e+162 0.000444721    0.046599
           93.87363e+162 0.000423741   0.0451403
           93.94041e+162 0.000411851   0.0445923
           9 4.0072e+162 0.000408046   0.0448854
           94.07399e+162 0.000422778   0.0472851
           94.14077e+162 0.000424394   0.0482052
           94.20756e+162 0.000432272   0.0498633
           94.27435e+162 0.000429731   0.0502964
           94.34113e+162 0.000446082    0.052991
           94.40792e+162 0.000467862   0.0563982
           94.47471e+162 0.000475228   0.0581168
           94.54149e+162 0.000503831   0.0624981
           94.60828e+162  0.00052942   0.0666136
           94.67507e+162 0.000548768   0.0700038
           94.74185e+162 0.000582133   0.0752948
           94.80864e+162 0.000618384   0.0810553
           94.87543e+162  0.00064448   0.0856409
           94.94221e+162 0.000666238    0.089711
           9  5.009e+162 0.000690016   0.0941093
           95.07579e+162 0.000711758    0.098312
           95.14257e+162 0.000727048    0.101705
           95.20936e+162 0.000736435    0.104301
           95.27615e+162 0.000751819    0.107863
           95.34293e+162 0.000755296     0.10966
           95.40972e+162 0.000767231    0.112737
           95.47651e+162 0.000761456    0.113226
           95.54329e+162 0.000752901    0.113244
           95.61008e+162 0.000745618     0.11348
           95.67687e+162 0.000724932    0.111601
           95.74365e+162 0.000709414    0.110506
           95.81044e+162 0.000686856    0.108153
           95.87723e+162 0.000667294    0.106257
           95.94401e+162 0.000650774    0.104758
           9 6.0108e+162 0.000640614    0.104251
           96.07759e+162 0.000625539     0.10291
           96.14437e+162 0.000608129    0.101104
           96.21116e+162 0.000593719   0.0997681
           96.27795e+162 0.000577076   0.0979844
           96.34473e+162 0.000570757   0.0979141
           96.41152e+162 0.000562686   0.0975252
           96.47831e+162 0.000560492   0.0981222
           96.54509e+162 0.000557641   0.0985976
           96.61188e+162 0.000562717    0.100516
          10           0           0           0
          106.67867e+160           0           0
          101.33573e+161           0           0
          10 2.0036e+161           0           0
          102.67147e+161           0           0
          103.33933e+161           0           0
          10 4.0072e+161           0           0
          104.67507e+161           0           0
          105.34293e+161           0           0
          10 6.0108e+161           0           0
          106.67867e+161           0           0
          107.34653e+161           0           0
          10 8.0144e+161           0           0
          108.68227e+161           0           0
          109.35013e+161           0           0
          10 1.0018e+162           0           0
          101.06859e+162           0           0
          101.13537e+162           0           0
          101.20216e+162           0           0
          101.26895e+162           0           0
          101.33573e+162           0           0
          101.40252e+162           0           0
          101.46931e+162           0           0
          101.53609e+162           0           0
          101.60288e+162           0           0
          101.66967e+162           0           0
          101.73645e+162           0           0
          101.80324e+162           0           0
          101.87003e+162           0           0
          101.93681e+162           0           0
          10 2.0036e+162           0           0
          102.07039e+162           0           0
          102.13717e+162           0           0
          102.20396e+162           0           0
          102.27075e+162 8.78617e-07 8.29658e-05
          102.33753e+162 1.63464e-05  0.00105883
          102.40432e+162 0.000103462  0.00666576
          102.47111e+162 0.000349295   0.0230345
          102.53789e+162 0.000721913   0.0488143
          102.60468e+162  0.00111577   0.0772998
          102.67147e+162  0.00138769   0.0984431
          102.73825e+162  0.00151952    0.110325
          102.80504e+162  0.00153514    0.114036
          102.87183e+162  0.00143357    0.108919
          102.93861e+162   0.0013244    0.102847
          10 3.0054e+162  0.00117439   0.0931166
          103.07219e+162  0.00106711   0.0864111
          103.13897e+162 0.000943032   0.0779285
          103.20576e+162 0.000843158   0.0710691
          103.27255e+162 0.000762991   0.0656259
          103.33933e+162 0.000682212     0.05983
          103.40612e+162 0.000617882   0.0552024
          103.47291e+162 0.000575547   0.0523993
          103.53969e+162 0.000533971    0.049478
          103.60648e+162  0.00049131   0.0463697
          103.67327e+162  0.00047207   0.0453503
          103.74005e+162 0.000453553   0.0443486
          103.80684e+162 0.000444769   0.0442075
          103.87363e+162 0.000423034    0.042749
          103.94041e+162 0.000411136   0.0422277
          10 4.0072e+162 0.000405948   0.0423662
          104.07399e+162 0.000419731   0.0445409
          104.14077e+162 0.000423434   0.0456242
          104.20756e+162 0.000428543   0.0469078
          104.27435e+162 0.000428496   0.0475776
          104.34113e+162  0.00044426    0.050068
          104.40792e+162 0.000465147   0.0531998
          104.47471e+162 0.000476975   0.0553388
          104.54149e+162 0.000503713   0.0592756
          104.60828e+162 0.000528061   0.0630325
          104.67507e+162  0.00054907   0.0664463
          104.74185e+162 0.000583249   0.0715661
          104.80864e+162 0.000619756   0.0770665
          104.87543e+162 0.000644106   0.0811946
          104.94221e+162 0.000668836   0.0854393
          10  5.009e+162 0.000691459   0.0894644
          105.07579e+162 0.000712742   0.0933941
          105.14257e+162 0.000725989   0.0963435
          105.20936e+162 0.000737746   0.0991244
          105.27615e+162 0.000753833    0.102597
          105.34293e+162 0.000755587    0.104068
          105.40972e+162 0.000767973    0.107051
          105.47651e+162 0.000762439    0.107551
          105.54329e+162 0.000752059    0.107313
          105.61008e+162 0.000743078    0.107293
          105.67687e+162   0.0007237    0.105693
          105.74365e+162 0.000709207    0.104799
          105.81044e+162 0.000687762    0.102738
          105.87723e+162 0.000669203    0.101094
          105.94401e+162 0.000650986   0.0994136
          10 6.0108e+162 0.000638689   0.0986064
          106.07759e+162 0.000624073      0.0974
          106.14437e+162 0.000608243   0.0959319
          106.21116e+162 0.000593479   0.0946074
          106.27795e+162 0.000579772    0.093397
          106.34473e+162 0.000571773   0.0930538
          106.41152e+162  0.00056232   0.0924578
          106.47831e+162  0.00056015   0.0930283
          106.54509e+162 0.000558667     0.09371
          106.61188e+162  0.00056318   0.0954317
          11           0           0           0
          116.67867e+160           0           0
          111.33573e+161           0           0
          11 2.0036e+161           0           0
          112.67147e+161           0           0
          113.33933e+161           0           0
          11 4.0072e+161           0           0
          114.67507e+161           0           0
          115.34293e+161           0           0
          11 6.0108e+161           0           0
          116.67867e+161           0           0
          117.34653e+161           0           0
          11 8.0144e+161           0           0
          118.68227e+161           0           0
          119.35013e+161           0           0
          11 1.0018e+162           0           0
          111.06859e+162           0           0
          111.13537e+162           0           0
          111.20216e+162           0           0
          111.26895e+162           0           0
          111.33573e+162           0           0
          111.40252e+162           0           0
          111.46931e+162           0           0
          111.53609e+162           0           0
          111.60288e+162           0           0
          111.66967e+162           0           0
          111.73645e+162           0           0
          111.80324e+162           0           0
          111.87003e+162           0           0
          111.93681e+162           0           0
          11 2.0036e+162           0           0
          112.07039e+162           0           0
          112.13717e+162           0           0
          112.20396e+162           0           0
          112.27075e+162 7.98743e-07 7.54235e-05
          112.33753e+162 1.57842e-05 0.000979784
          112.40432e+162 0.000103953  0.00638468
          112.47111e+162 0.000350579   0.0220439
          112.53789e+162 0.000722968   0.0466091
          112.60468e+162  0.00111521   0.0736633
          112.67147e+162  0.00139373   0.0942765
          112.73825e+162  0.00152536    0.105601
          112.80504e+162  0.00153158    0.108478
          112.87183e+162  0.00143265    0.103778
          112.93861e+162  0.00132699   0.0982474
          11 3.0054e+162  0.00117274   0.0886573
          113.07219e+162  0.00106643   0.0823339
          113.13897e+162  0.00094285    0.074285
          113.20576e+162  0.00083739   0.0673133
          113.27255e+162  0.00075878   0.0622321
          113.33933e+162 0.000679336   0.0568055
          113.40612e+162 0.000617596   0.0526059
          113.47291e+162 0.000578322   0.0502023
          113.53969e+162   0.0005337   0.0471496
          113.60648e+162 0.000488602   0.0439714
          113.67327e+162 0.000470926    0.043132
          113.74005e+162   0.0004545   0.0423676
          113.80684e+162 0.000445371   0.0422036
          113.87363e+162 0.000422128     0.04067
          113.94041e+162  0.00041241   0.0403862
          11 4.0072e+162 0.000406975   0.0404957
          114.07399e+162  0.00042095   0.0425875
          114.14077e+162 0.000424711   0.0436298
          114.20756e+162 0.000430281   0.0449037
          114.27435e+162 0.000430649   0.0455947
          114.34113e+162 0.000445593    0.047881
          114.40792e+162  0.00046739   0.0509719
          114.47471e+162 0.000480668   0.0531858
          114.54149e+162 0.000505972   0.0567749
          114.60828e+162 0.000529515   0.0602646
          114.67507e+162 0.000548563   0.0632946
          114.74185e+162 0.000583528    0.068266
          114.80864e+162  0.00061727     0.07319
          114.87543e+162 0.000641683    0.077127
          114.94221e+162 0.000667062   0.0812455
          11  5.009e+162 0.000689974   0.0851166
          115.07579e+162 0.000712622   0.0890306
          115.14257e+162 0.000725757   0.0918283
          115.20936e+162 0.000737335   0.0944574
          115.27615e+162 0.000752465   0.0976409
          115.34293e+162 0.000755056    0.099152
          115.40972e+162 0.000766323    0.101849
          115.47651e+162 0.000759518    0.102158
          115.54329e+162 0.000749228     0.10194
          115.61008e+162 0.000742427    0.102208
          115.67687e+162 0.000723989    0.100813
          115.74365e+162 0.000709163   0.0999104
          115.81044e+162  0.00068707   0.0978573
          115.87723e+162 0.000671532   0.0967279
          115.94401e+162 0.000651444    0.094853
          11 6.0108e+162 0.000638563   0.0939976
          116.07759e+162 0.000624243   0.0928905
          116.14437e+162 0.000608743   0.0915421
          116.21116e+162 0.000595048   0.0904441
          116.27795e+162 0.000581003   0.0892387
          116.34473e+162 0.000574192   0.0891045
          116.41152e+162 0.000563229   0.0882963
          116.47831e+162 0.000560391   0.0887357
          116.54509e+162 0.000558941   0.0893917
          116.61188e+162 0.000563564   0.0910494
          12           0           0           0
          126.67867e+160           0           0
          121.33573e+161           0           0
          12 2.0036e+161           0           0
          122.67147e+161           0           0
          123.33933e+161           0           0
          12 4.0072e+161           0           0
          124.67507e+161           0           0
          125.34293e+161           0           0
          12 6.0108e+161           0           0
          126.67867e+161           0           0
          127.34653e+161           0           0
          12 8.0144e+161           0           0
          128.68227e+161           0           0
          129.35013e+161           0           0
          12 1.0018e+162           0           0
          121.06859e+162           0           0
          121.13537e+162           0           0
          121.20216e+162           0           0
          121.26895e+162           0           0
          121.33573e+162           0           0
          121.40252e+162           0           0
          121.46931e+162           0           0
          121.53609e+162           0           0
          121.60288e+162           0           0
          121.66967e+162           0           0
          121.73645e+162           0           0
          121.80324e+162           0           0
          121.87003e+162           0           0
          121.93681e+162           0           0
          12 2.0036e+162           0           0
          122.07039e+162           0           0
          122.13717e+162           0           0
          122.20396e+162           0           0
          122.27075e+162   7.771e-07 6.96775e-05
          122.33753e+162 1.58647e-05 0.000939654
          122.40432e+162 0.000105113  0.00618355
          122.47111e+162 0.000352732   0.0212384
          122.53789e+162  0.00072515     0.04476
          122.60468e+162  0.00111767   0.0706825
          122.67147e+162  0.00139067   0.0900652
          122.73825e+162  0.00152694    0.101209
          122.80504e+162  0.00153295     0.10395
          122.87183e+162  0.00143632   0.0996135
          122.93861e+162  0.00132335   0.0938055
          12 3.0054e+162  0.00116959   0.0846566
          123.07219e+162   0.0010636   0.0786196
          123.13897e+162 0.000943269   0.0711522
          123.20576e+162 0.000834281   0.0642112
          123.27255e+162 0.000754865   0.0592802
          123.33933e+162 0.000676541   0.0541644
          123.40612e+162 0.000617511   0.0503568
          123.47291e+162 0.000578156   0.0480472
          123.53969e+162 0.000533977   0.0451642
          123.60648e+162 0.000487475       0.042
          123.67327e+162 0.000472474   0.0414299
          123.74005e+162  0.00045652   0.0407431
          123.80684e+162 0.000446793   0.0405349
          123.87363e+162 0.000422408   0.0389617
          123.94041e+162 0.000414156   0.0388318
          12 4.0072e+162 0.000407374   0.0388079
          124.07399e+162  0.00041912   0.0405974
          124.14077e+162 0.000425047   0.0418021
          124.20756e+162 0.000431636   0.0431247
          124.27435e+162 0.000431943   0.0437846
          124.34113e+162 0.000445888   0.0458712
          124.40792e+162 0.000466946   0.0487534
          124.47471e+162 0.000480836   0.0509368
          124.54149e+162 0.000505152   0.0542692
          124.60828e+162   0.0005296   0.0577064
          124.67507e+162 0.000548661   0.0606097
          124.74185e+162 0.000583973   0.0654079
          124.80864e+162 0.000618734    0.070241
          124.87543e+162 0.000643251   0.0740229
          124.94221e+162 0.000665257   0.0775757
          12  5.009e+162  0.00068822   0.0812862
          125.07579e+162 0.000715298   0.0855651
          125.14257e+162 0.000726787   0.0880427
          125.20936e+162 0.000735816   0.0902508
          125.27615e+162 0.000751021   0.0933017
          125.34293e+162 0.000756371   0.0950948
          125.40972e+162 0.000765404   0.0973945
          125.47651e+162 0.000758731   0.0977045
          125.54329e+162 0.000748414   0.0974937
          125.61008e+162 0.000742209   0.0978263
          125.67687e+162 0.000725062   0.0966643
          125.74365e+162 0.000709791   0.0957381
          125.81044e+162 0.000687153   0.0937014
          125.87723e+162 0.000670539   0.0924719
          125.94401e+162 0.000649911   0.0906032
          12 6.0108e+162 0.000638965   0.0900516
          126.07759e+162 0.000623923   0.0888888
          126.14437e+162 0.000607411   0.0874547
          126.21116e+162 0.000594243   0.0864753
          126.27795e+162 0.000580814   0.0854095
          126.34473e+162 0.000573923   0.0852691
          126.41152e+162 0.000563974   0.0846481
          126.47831e+162 0.000561265   0.0850903
          126.54509e+162 0.000560359   0.0858051
          126.61188e+162 0.000562515     0.08701
          13           0           0           0
          136.67867e+160           0           0
          131.33573e+161           0           0
          13 2.0036e+161           0           0
          132.67147e+161           0           0
          133.33933e+161           0           0
          13 4.0072e+161           0           0
          134.67507e+161           0           0
          135.34293e+161           0           0
          13 6.0108e+161           0           0
          136.67867e+161           0           0
          137.34653e+161           0           0
          13 8.0144e+161           0           0
          138.68227e+161           0           0
          139.35013e+161           0           0
          13 1.0018e+162           0           0
          131.06859e+162           0           0
          131.13537e+162           0           0
          131.20216e+162           0           0
          131.26895e+162           0           0
          131.33573e+162           0           0
          131.40252e+162           0           0
          131.46931e+162           0           0
          131.53609e+162           0           0
          131.60288e+162           0           0
          131.66967e+162           0           0
          131.73645e+162           0           0
          131.80324e+162           0           0
          131.87003e+162           0           0
          131.93681e+162           0           0
          13 2.0036e+162           0           0
          132.07039e+162           0           0
          132.13717e+162           0           0
          132.20396e+162           0           0
          132.27075e+162 7.17323e-07 6.43177e-05
          132.33753e+162 1.64709e-05 0.000939684
          132.40432e+162 0.000105241  0.00594685
          132.47111e+162 0.000352032   0.0203643
          132.53789e+162 0.000723567   0.0429101
          132.60468e+162  0.00112024   0.0680663
          132.67147e+162   0.0013937   0.0867212
          132.73825e+162  0.00152286   0.0969816
          132.80504e+162  0.00152868   0.0995964
          132.87183e+162  0.00143573   0.0956618
          132.93861e+162  0.00131871   0.0898121
          13 3.0054e+162   0.0011699   0.0813557
          133.07219e+162  0.00106221   0.0754349
          133.13897e+162  0.00094235   0.0682931
          133.20576e+162 0.000834732   0.0617235
          133.27255e+162 0.000758939   0.0572671
          133.33933e+162 0.000678267   0.0521699
          133.40612e+162 0.000618471    0.048455
          133.47291e+162 0.000577054   0.0460721
          133.53969e+162 0.000531866   0.0432238
          133.60648e+162 0.000489779   0.0405449
          133.67327e+162 0.000474151   0.0399454
          133.74005e+162 0.000458343      0.0393
          133.80684e+162  0.00044619   0.0388899
          133.87363e+162 0.000424309   0.0376037
          133.94041e+162 0.000415183   0.0373999
          13 4.0072e+162 0.000408721   0.0374095
          134.07399e+162 0.000416778   0.0387907
          134.14077e+162 0.000423135   0.0399839
          134.20756e+162 0.000430958   0.0413644
          134.27435e+162 0.000433058   0.0421751
          134.34113e+162  0.00044722   0.0442039
          134.40792e+162 0.000466906   0.0468348
          134.47471e+162 0.000483097   0.0491728
          134.54149e+162  0.00050707   0.0523413
          134.60828e+162 0.000529578   0.0554386
          134.67507e+162 0.000546531   0.0580103
          134.74185e+162 0.000583269   0.0627652
          134.80864e+162 0.000619537   0.0675721
          134.87543e+162 0.000643786   0.0711755
          134.94221e+162 0.000664109   0.0744017
          13  5.009e+162 0.000686377   0.0778892
          135.07579e+162 0.000713089   0.0819575
          135.14257e+162 0.000727539   0.0846751
          135.20936e+162  0.00073456   0.0865626
          135.27615e+162 0.000749938   0.0895091
          135.34293e+162 0.000756958   0.0914328
          135.40972e+162 0.000764995   0.0935214
          135.47651e+162 0.000758627    0.093856
          135.54329e+162 0.000746912   0.0934824
          135.61008e+162 0.000740287   0.0937473
          135.67687e+162 0.000723843   0.0927164
          135.74365e+162 0.000709464   0.0919368
          135.81044e+162 0.000687371   0.0900531
          135.87723e+162 0.000671834   0.0890157
          135.94401e+162 0.000651638   0.0872828
          13 6.0108e+162 0.000640961   0.0867931
          136.07759e+162 0.000623645   0.0853622
          136.14437e+162 0.000607365   0.0840165
          136.21116e+162 0.000594981   0.0831851
          136.27795e+162 0.000581316   0.0821282
          136.34473e+162 0.000574073   0.0819436
          136.41152e+162 0.000565957   0.0816174
          136.47831e+162 0.000563286   0.0820516
          136.54509e+162 0.000560194   0.0824137
          136.61188e+162 0.000562929    0.083656
          14           0           0           0
          146.67867e+160           0           0
          141.33573e+161           0           0
          14 2.0036e+161           0           0
          142.67147e+161           0           0
          143.33933e+161           0           0
          14 4.0072e+161           0           0
          144.67507e+161           0           0
          145.34293e+161           0           0
          14 6.0108e+161           0           0
          146.67867e+161           0           0
          147.34653e+161           0           0
          14 8.0144e+161           0           0
          148.68227e+161           0           0
          149.35013e+161           0           0
          14 1.0018e+162           0           0
          141.06859e+162           0           0
          141.13537e+162           0           0
          141.20216e+162           0           0
          141.26895e+162           0           0
          141.33573e+162           0           0
          141.40252e+162           0           0
          141.46931e+162           0           0
          141.53609e+162           0           0
          141.60288e+162           0           0
          141.66967e+162           0           0
          141.73645e+162           0           0
          141.80324e+162           0           0
          141.87003e+162           0           0
          141.93681e+162           0           0
          14 2.0036e+162           0           0
          142.07039e+162           0           0
          142.13717e+162           0           0
          142.20396e+162           0           0
          142.27075e+162  7.3539e-07 6.11973e-05
          142.33753e+162 1.61699e-05 0.000889596
          142.40432e+162 0.000106348  0.00579339
          142.47111e+162 0.000348608   0.0194442
          142.53789e+162 0.000722568   0.0412913
          142.60468e+162  0.00112039   0.0655974
          142.67147e+162  0.00139552   0.0836748
          142.73825e+162  0.00151931   0.0932378
          142.80504e+162  0.00152993     0.09605
          142.87183e+162  0.00143657   0.0922334
          142.93861e+162  0.00132005   0.0866295
          14 3.0054e+162  0.00117268   0.0785837
          143.07219e+162  0.00106447   0.0728453
          143.13897e+162 0.000941631   0.0657576
          143.20576e+162 0.000833519    0.059391
          143.27255e+162 0.000760076   0.0552631
          143.33933e+162 0.000678574   0.0502914
          143.40612e+162 0.000615363   0.0464639
          143.47291e+162 0.000575919   0.0443073
          143.53969e+162 0.000531825    0.041647
          143.60648e+162 0.000488281   0.0389503
          143.67327e+162 0.000472708   0.0383749
          143.74005e+162 0.000457576   0.0378041
          143.80684e+162  0.00044706   0.0375469
          143.87363e+162 0.000427391   0.0365088
          143.94041e+162  0.00041866   0.0363552
          14 4.0072e+162 0.000409255   0.0360947
          144.07399e+162  0.00041575   0.0372854
          144.14077e+162 0.000423247   0.0385371
          144.20756e+162 0.000430735   0.0398359
          144.27435e+162  0.00043258   0.0405947
          144.34113e+162 0.000446794   0.0425543
          144.40792e+162 0.000466446   0.0450854
          144.47471e+162 0.000483519   0.0474236
          144.54149e+162 0.000507222   0.0504512
          144.60828e+162 0.000529426   0.0534054
          144.67507e+162 0.000546621   0.0559082
          144.74185e+162   0.0005829   0.0604427
          144.80864e+162 0.000618689   0.0650246
          144.87543e+162  0.00064192   0.0683892
          144.94221e+162 0.000664176   0.0716996
          14  5.009e+162 0.000686643   0.0750829
          145.07579e+162 0.000711617   0.0788137
          145.14257e+162 0.000728205   0.0816687
          145.20936e+162 0.000736365    0.083621
          145.27615e+162 0.000749915   0.0862469
          145.34293e+162  0.00075716   0.0881282
          145.40972e+162 0.000764355   0.0900426
          145.47651e+162 0.000758096   0.0903768
          145.54329e+162 0.000746812   0.0900689
          145.61008e+162 0.000740441   0.0903543
          145.67687e+162 0.000724308   0.0894002
          145.74365e+162 0.000709939   0.0886493
          145.81044e+162  0.00068815   0.0868757
          145.87723e+162 0.000671763   0.0857668
          145.94401e+162 0.000652689   0.0842439
          14 6.0108e+162 0.000642368    0.083821
          146.07759e+162  0.00062229   0.0820798
          146.14437e+162 0.000607844   0.0810238
          146.21116e+162 0.000594839   0.0801387
          146.27795e+162 0.000581198   0.0791231
          146.34473e+162  0.00057371   0.0789117
          146.41152e+162 0.000566015    0.078655
          146.47831e+162 0.000563952   0.0791596
          146.54509e+162 0.000560796    0.079501
          146.61188e+162  0.00056308   0.0806327
          15           0           0           0
          156.67867e+160           0           0
          151.33573e+161           0           0
          15 2.0036e+161           0           0
          152.67147e+161           0           0
          153.33933e+161           0           0
          15 4.0072e+161           0           0
          154.67507e+161           0           0
          155.34293e+161           0           0
          15 6.0108e+161           0           0
          156.67867e+161           0           0
          157.34653e+161           0           0
          15 8.0144e+161           0           0
          158.68227e+161           0           0
          159.35013e+161           0           0
          15 1.0018e+162           0           0
          151.06859e+162           0           0
          151.13537e+162           0           0
          151.20216e+162           0           0
          151.26895e+162           0           0
          151.33573e+162           0           0
          151.40252e+162           0           0
          151.46931e+162           0           0
          151.53609e+162           0           0
          151.60288e+162           0           0
          151.66967e+162           0           0
          151.73645e+162           0           0
          151.80324e+162           0           0
          151.87003e+162           0           0
          151.93681e+162           0           0
          15 2.0036e+162           0           0
          152.07039e+162           0           0
          152.13717e+162           0           0
          152.20396e+162           0           0
          152.27075e+162 6.86364e-07 5.71175e-05
          152.33753e+162 1.61098e-05 0.000854378
          152.40432e+162 0.000105191  0.00553991
          152.47111e+162 0.000347353   0.0187177
          152.53789e+162 0.000725417   0.0400516
          152.60468e+162  0.00112664   0.0637389
          152.67147e+162  0.00139912   0.0810482
          152.73825e+162  0.00151772   0.0899811
          152.80504e+162  0.00152485   0.0924908
          152.87183e+162  0.00143625   0.0890827
          152.93861e+162  0.00132115    0.083758
          15 3.0054e+162  0.00116756   0.0755965
          153.07219e+162   0.0010622   0.0702256
          153.13897e+162 0.000940465   0.0634488
          153.20576e+162 0.000832271   0.0572907
          153.27255e+162 0.000759563   0.0533499
          153.33933e+162 0.000682103   0.0488445
          153.40612e+162 0.000617618   0.0450549
          153.47291e+162 0.000575191   0.0427489
          153.53969e+162 0.000532426   0.0402794
          153.60648e+162 0.000490879   0.0378342
          153.67327e+162  0.00047389   0.0371653
          153.74005e+162 0.000458212   0.0365701
          153.80684e+162 0.000446939    0.036262
          153.87363e+162 0.000428828   0.0353894
          153.94041e+162 0.000420402   0.0352699
          15 4.0072e+162 0.000410525     0.03498
          154.07399e+162 0.000416963   0.0361248
          154.14077e+162 0.000423141   0.0372189
          154.20756e+162 0.000429956   0.0384137
          154.27435e+162 0.000430815   0.0390616
          154.34113e+162 0.000445925   0.0410314
          154.40792e+162 0.000464602    0.043388
          154.47471e+162 0.000484368    0.045895
          154.54149e+162 0.000506821   0.0487011
          154.60828e+162 0.000527486   0.0514095
          154.67507e+162 0.000546162   0.0539665
          154.74185e+162 0.000581733   0.0582769
          154.80864e+162 0.000619022   0.0628527
          154.87543e+162 0.000643099   0.0661908
          154.94221e+162  0.00066456   0.0693061
          15  5.009e+162 0.000686058   0.0724736
          155.07579e+162 0.000710644   0.0760365
          155.14257e+162 0.000726255   0.0786912
          155.20936e+162  0.00073631   0.0807784
          155.27615e+162 0.000749581   0.0832825
          155.34293e+162 0.000758189    0.085255
          155.40972e+162 0.000765791   0.0871532
          155.47651e+162 0.000758413    0.087347
          155.54329e+162 0.000747113   0.0870492
          155.61008e+162 0.000739258   0.0871514
          155.67687e+162 0.000723969   0.0863277
          155.74365e+162 0.000709709   0.0856134
          155.81044e+162    0.000688   0.0839109
          155.87723e+162 0.000671896   0.0828735
          155.94401e+162 0.000653496   0.0814879
          15 6.0108e+162 0.000642517   0.0809965
          156.07759e+162 0.000623402    0.079439
          156.14437e+162  0.00060914   0.0784451
          156.21116e+162 0.000595157   0.0774617
          156.27795e+162 0.000581485   0.0764768
          156.34473e+162 0.000574053   0.0762804
          156.41152e+162 0.000566876   0.0761032
          156.47831e+162  0.00056363   0.0764309
          156.54509e+162 0.000559979   0.0766937
          156.61188e+162  0.00056253   0.0778214
          16           0           0           0
          166.67867e+160           0           0
          161.33573e+161           0           0
          16 2.0036e+161           0           0
          162.67147e+161           0           0
          163.33933e+161           0           0
          16 4.0072e+161           0           0
          164.67507e+161           0           0
          165.34293e+161           0           0
          16 6.0108e+161           0           0
          166.67867e+161           0           0
          167.34653e+161           0           0
          16 8.0144e+161           0           0
          168.68227e+161           0           0
          169.35013e+161           0           0
          16 1.0018e+162           0           0
          161.06859e+162           0           0
          161.13537e+162           0           0
          161.20216e+162           0           0
          161.26895e+162           0           0
          161.33573e+162           0           0
          161.40252e+162           0           0
          161.46931e+162           0           0
          161.53609e+162           0           0
          161.60288e+162           0           0
          161.66967e+162           0           0
          161.73645e+162           0           0
          161.80324e+162           0           0
          161.87003e+162           0           0
          161.93681e+162           0           0
          16 2.0036e+162           0           0
          162.07039e+162           0           0
          162.13717e+162           0           0
          162.20396e+162           0           0
          162.27075e+162 7.04107e-07 5.48069e-05
          162.33753e+162 1.63222e-05 0.000836531
          162.40432e+162 0.000105363   0.0053715
          162.47111e+162 0.000346355   0.0180711
          162.53789e+162 0.000726172   0.0388193
          162.60468e+162  0.00112207   0.0614708
          162.67147e+162  0.00139238    0.078109
          162.73825e+162  0.00151464   0.0869482
          162.80504e+162  0.00152519    0.089572
          162.87183e+162  0.00143537   0.0861991
          162.93861e+162  0.00132208   0.0811531
          16 3.0054e+162  0.00117056   0.0733857
          163.07219e+162  0.00106458    0.068149
          163.13897e+162 0.000943674   0.0616479
          163.20576e+162 0.000832662   0.0554962
          163.27255e+162  0.00076044   0.0517129
          163.33933e+162 0.000684817   0.0474839
          163.40612e+162 0.000619091    0.043728
          163.47291e+162 0.000576389   0.0414767
          163.53969e+162 0.000533156   0.0390534
          163.60648e+162 0.000493882    0.036864
          163.67327e+162 0.000473793   0.0359756
          163.74005e+162 0.000458236    0.035408
          163.80684e+162 0.000446582    0.035081
          163.87363e+162 0.000428051   0.0342022
          163.94041e+162 0.000418156   0.0339727
          16 4.0072e+162 0.000410697   0.0338824
          164.07399e+162 0.000416146   0.0349075
          164.14077e+162 0.000423267   0.0360459
          164.20756e+162 0.000428225   0.0370465
          164.27435e+162 0.000430553   0.0377968
          164.34113e+162 0.000444544   0.0396073
          164.40792e+162  0.00046447   0.0419969
          164.47471e+162 0.000482794   0.0442954
          164.54149e+162 0.000507149   0.0471844
          164.60828e+162 0.000528689   0.0498911
          164.67507e+162 0.000546479   0.0522825
          164.74185e+162 0.000581071   0.0563617
          164.80864e+162 0.000619296   0.0608829
          164.87543e+162 0.000643406   0.0641176
          164.94221e+162 0.000665861   0.0672364
          16  5.009e+162  0.00068601   0.0701658
          165.07579e+162 0.000709547   0.0735083
          165.14257e+162   0.0007266   0.0762274
          165.20936e+162  0.00073621   0.0782019
          165.27615e+162 0.000750637   0.0807501
          165.34293e+162 0.000759266   0.0826647
          165.40972e+162 0.000765785   0.0843835
          165.47651e+162 0.000757451   0.0844657
          165.54329e+162 0.000747433   0.0843205
          165.61008e+162 0.000738502   0.0842971
          165.67687e+162 0.000724473   0.0836441
          165.74365e+162 0.000711488   0.0831045
          165.81044e+162 0.000688139   0.0812623
          165.87723e+162 0.000670298   0.0800534
          165.94401e+162 0.000651669   0.0786836
          16 6.0108e+162 0.000641931   0.0783525
          166.07759e+162 0.000622908   0.0768549
          166.14437e+162 0.000608778   0.0759087
          166.21116e+162 0.000594693   0.0749427
          166.27795e+162 0.000581315   0.0740256
          166.34473e+162 0.000573221   0.0737513
          166.41152e+162 0.000566289   0.0736096
          166.47831e+162 0.000563344   0.0739655
          166.54509e+162 0.000561233   0.0744267
          166.61188e+162 0.000562562   0.0753531
          17           0           0           0
          176.67867e+160           0           0
          171.33573e+161           0           0
          17 2.0036e+161           0           0
          172.67147e+161           0           0
          173.33933e+161           0           0
          17 4.0072e+161           0           0
          174.67507e+161           0           0
          175.34293e+161           0           0
          17 6.0108e+161           0           0
          176.67867e+161           0           0
          177.34653e+161           0           0
          17 8.0144e+161           0           0
          178.68227e+161           0           0
          179.35013e+161           0           0
          17 1.0018e+162           0           0
          171.06859e+162           0           0
          171.13537e+162           0           0
          171.20216e+162           0           0
          171.26895e+162           0           0
          171.33573e+162           0           0
          171.40252e+162           0           0
          171.46931e+162           0           0
          171.53609e+162           0           0
          171.60288e+162           0           0
          171.66967e+162           0           0
          171.73645e+162           0           0
          171.80324e+162           0           0
          171.87003e+162           0           0
          171.93681e+162           0           0
          17 2.0036e+162           0           0
          172.07039e+162           0           0
          172.13717e+162           0           0
          172.20396e+162           0           0
          172.27075e+162 7.32445e-07 5.33042e-05
          172.33753e+162  1.6101e-05 0.000800789
          172.40432e+162 0.000105444  0.00521398
          172.47111e+162 0.000346923   0.0175594
          172.53789e+162 0.000728711   0.0377944
          172.60468e+162  0.00112463   0.0597715
          172.67147e+162  0.00139729   0.0760488
          172.73825e+162  0.00151767   0.0845221
          172.80504e+162  0.00152652   0.0869721
          172.87183e+162   0.0014363   0.0836781
          172.93861e+162   0.0013236   0.0788187
          17 3.0054e+162  0.00117352   0.0713765
          173.07219e+162  0.00106264   0.0659935
          173.13897e+162  0.00093855   0.0594957
          173.20576e+162 0.000830605   0.0537079
          173.27255e+162  0.00075726   0.0499639
          173.33933e+162 0.000681969   0.0458784
          173.40612e+162 0.000615309   0.0421746
          173.47291e+162 0.000573364   0.0400345
          173.53969e+162 0.000531212   0.0377525
          173.60648e+162 0.000492113   0.0356364
          173.67327e+162 0.000471657   0.0347482
          173.74005e+162  0.00045721    0.034273
          173.80684e+162 0.000446313   0.0340118
          173.87363e+162 0.000429411   0.0332868
          173.94041e+162 0.000419237   0.0330426
          17 4.0072e+162 0.000411062   0.0328991
          174.07399e+162 0.000416359     0.03388
          174.14077e+162 0.000424801   0.0350983
          174.20756e+162 0.000430132   0.0361034
          174.27435e+162 0.000432467   0.0368355
          174.34113e+162  0.00044659   0.0386067
          174.40792e+162 0.000466044   0.0408834
          174.47471e+162 0.000485646   0.0432367
          174.54149e+162 0.000509205   0.0459663
          174.60828e+162 0.000529268   0.0484538
          174.67507e+162 0.000547698   0.0508359
          174.74185e+162 0.000581504   0.0547189
          174.80864e+162 0.000619641   0.0590974
          174.87543e+162 0.000642534   0.0621183
          174.94221e+162 0.000664413   0.0650878
          17  5.009e+162 0.000686468   0.0681151
          175.07579e+162 0.000712094   0.0715752
          175.14257e+162 0.000727478   0.0740406
          175.20936e+162 0.000736861   0.0759337
          175.27615e+162 0.000751698   0.0784487
          175.34293e+162 0.000758515   0.0801165
          175.40972e+162 0.000764749   0.0817531
          175.47651e+162 0.000756019   0.0817899
          175.54329e+162 0.000745316    0.081576
          175.61008e+162  0.00073568   0.0814763
          175.67687e+162 0.000722856   0.0809682
          175.74365e+162 0.000710417   0.0805016
          175.81044e+162 0.000686855   0.0786906
          175.87723e+162 0.000669115   0.0775269
          175.94401e+162 0.000650033   0.0761457
          17 6.0108e+162 0.000640716   0.0758707
          176.07759e+162 0.000621933   0.0744439
          176.14437e+162 0.000607622    0.073504
          176.21116e+162  0.00059276   0.0724743
          176.27795e+162 0.000580239   0.0716835
          176.34473e+162 0.000572247   0.0714284
          176.41152e+162 0.000566782   0.0714733
          176.47831e+162 0.000564515   0.0719078
          176.54509e+162 0.000563269   0.0724732
          176.61188e+162 0.000562976   0.0731562
          18           0           0           0
          186.67867e+160           0           0
          181.33573e+161           0           0
          18 2.0036e+161           0           0
          182.67147e+161           0           0
          183.33933e+161           0           0
          18 4.0072e+161           0           0
          184.67507e+161           0           0
          185.34293e+161           0           0
          18 6.0108e+161           0           0
          186.67867e+161           0           0
          187.34653e+161           0           0
          18 8.0144e+161           0           0
          188.68227e+161           0           0
          189.35013e+161           0           0
          18 1.0018e+162           0           0
          181.06859e+162           0           0
          181.13537e+162           0           0
          181.20216e+162           0           0
          181.26895e+162           0           0
          181.33573e+162           0           0
          181.40252e+162           0           0
          181.46931e+162           0           0
          181.53609e+162           0           0
          181.60288e+162           0           0
          181.66967e+162           0           0
          181.73645e+162           0           0
          181.80324e+162           0           0
          181.87003e+162           0           0
          181.93681e+162           0           0
          18 2.0036e+162           0           0
          182.07039e+162           0           0
          182.13717e+162           0           0
          182.20396e+162           0           0
          182.27075e+162 6.91754e-07 5.03429e-05
          182.33753e+162 1.62732e-05 0.000785211
          182.40432e+162 0.000105453  0.00506657
          182.47111e+162 0.000346142    0.017026
          182.53789e+162 0.000727757    0.036681
          182.60468e+162  0.00112414   0.0580607
          182.67147e+162  0.00139753   0.0739166
          182.73825e+162  0.00151999   0.0822671
          182.80504e+162  0.00152831   0.0846202
          182.87183e+162  0.00143688   0.0813514
          182.93861e+162  0.00132259   0.0765376
          18 3.0054e+162  0.00117567   0.0694928
          183.07219e+162   0.0010658   0.0643284
          183.13897e+162 0.000937977   0.0577826
          183.20576e+162 0.000830386   0.0521798
          183.27255e+162 0.000757312   0.0485569
          183.33933e+162 0.000682949   0.0446476
          183.40612e+162 0.000616163   0.0410416
          183.47291e+162 0.000573538   0.0389162
          183.53969e+162  0.00052905   0.0365439
          183.60648e+162 0.000490546   0.0345227
          183.67327e+162  0.00046978   0.0336376
          183.74005e+162 0.000456903   0.0332831
          183.80684e+162 0.000445433   0.0329883
          183.87363e+162 0.000428188   0.0322573
          183.94041e+162 0.000418476   0.0320521
          18 4.0072e+162 0.000411642   0.0320169
          184.07399e+162 0.000416308   0.0329193
          184.14077e+162  0.00042434   0.0340712
          184.20756e+162 0.000429679   0.0350473
          184.27435e+162 0.000432151   0.0357703
          184.34113e+162  0.00044686   0.0375405
          184.40792e+162 0.000467199   0.0398308
          184.47471e+162 0.000486168   0.0420621
          184.54149e+162 0.000509516   0.0446975
          184.60828e+162 0.000529708    0.047127
          184.67507e+162 0.000547756   0.0494081
          184.74185e+162 0.000581458   0.0531722
          184.80864e+162 0.000617467   0.0572362
          184.87543e+162 0.000642296   0.0603443
          184.94221e+162 0.000664081   0.0632207
          18  5.009e+162 0.000687924   0.0663376
          185.07579e+162 0.000713439   0.0696904
          185.14257e+162 0.000727587   0.0719644
          185.20936e+162 0.000738144    0.073924
          185.27615e+162 0.000753225   0.0763939
          185.34293e+162 0.000760857   0.0781045
          185.40972e+162 0.000766507   0.0796347
          185.47651e+162 0.000757176   0.0796073
          185.54329e+162 0.000744638   0.0792053
          185.61008e+162 0.000734959   0.0791023
          185.67687e+162 0.000720432     0.07843
          185.74365e+162 0.000708196   0.0779939
          185.81044e+162 0.000685709   0.0763473
          185.87723e+162 0.000668622   0.0752863
          185.94401e+162 0.000649689   0.0739602
          18 6.0108e+162 0.000640464   0.0737033
          186.07759e+162 0.000620919   0.0722294
          186.14437e+162 0.000607177   0.0713804
          186.21116e+162 0.000592344   0.0703821
          186.27795e+162 0.000579216   0.0695419
          186.34473e+162 0.000571889   0.0693718
          186.41152e+162 0.000566507    0.069425
          186.47831e+162 0.000564507     0.06988
          186.54509e+162 0.000563346   0.0704399
          186.61188e+162 0.000562797   0.0710714
          19           0           0           0
          196.67867e+160           0           0
          191.33573e+161           0           0
          19 2.0036e+161           0           0
          192.67147e+161           0           0
          193.33933e+161           0           0
          19 4.0072e+161           0           0
          194.67507e+161           0           0
          195.34293e+161           0           0
          19 6.0108e+161           0           0
          196.67867e+161           0           0
          197.34653e+161           0           0
          19 8.0144e+161           0           0
          198.68227e+161           0           0
          199.35013e+161           0           0
          19 1.0018e+162           0           0
          191.06859e+162           0           0
          191.13537e+162           0           0
          191.20216e+162           0           0
          191.26895e+162           0           0
          191.33573e+162           0           0
          191.40252e+162           0           0
          191.46931e+162           0           0
          191.53609e+162           0           0
          191.60288e+162           0           0
          191.66967e+162           0           0
          191.73645e+162           0           0
          191.80324e+162           0           0
          191.87003e+162           0           0
          191.93681e+162           0           0
          19 2.0036e+162           0           0
          192.07039e+162           0           0
          192.13717e+162           0           0
          192.20396e+162           0           0
          192.27075e+162 6.55346e-07 4.76933e-05
          192.33753e+162 1.62956e-05 0.000763947
          192.40432e+162 0.000104337  0.00488373
          192.47111e+162 0.000346092   0.0165686
          192.53789e+162 0.000729259   0.0357766
          192.60468e+162  0.00112527   0.0565675
          192.67147e+162  0.00139574   0.0718525
          192.73825e+162  0.00152548   0.0803697
          192.80504e+162  0.00152983   0.0824448
          192.87183e+162  0.00143592   0.0791278
          192.93861e+162   0.0013205   0.0743779
          19 3.0054e+162  0.00117645   0.0676826
          193.07219e+162  0.00106418   0.0625172
          193.13897e+162  0.00093617   0.0561335
          193.20576e+162 0.000828751   0.0506889
          193.27255e+162 0.000757091   0.0472458
          193.33933e+162 0.000682586   0.0434313
          193.40612e+162 0.000616348    0.039957
          193.47291e+162 0.000572722   0.0378233
          193.53969e+162 0.000526774   0.0354212
          193.60648e+162  0.00049029    0.033582
          193.67327e+162 0.000469787    0.032739
          193.74005e+162 0.000457562   0.0324407
          193.80684e+162 0.000445984   0.0321474
          193.87363e+162  0.00042979   0.0315163
          193.94041e+162 0.000419813   0.0312975
          19 4.0072e+162 0.000412977    0.031266
          194.07399e+162 0.000417559    0.032138
          194.14077e+162 0.000425718   0.0332717
          194.20756e+162 0.000430168   0.0341496
          194.27435e+162 0.000432659   0.0348563
          194.34113e+162  0.00044735   0.0365785
          194.40792e+162 0.000465957   0.0386667
          194.47471e+162 0.000484015   0.0407647
          194.54149e+162 0.000508943   0.0434561
          194.60828e+162 0.000530392   0.0459291
          194.67507e+162 0.000548888   0.0481909
          194.74185e+162 0.000583223   0.0519146
          194.80864e+162 0.000617656   0.0557259
          194.87543e+162 0.000641792   0.0586878
          194.94221e+162 0.000663189   0.0614514
          19  5.009e+162 0.000686108   0.0644009
          195.07579e+162 0.000712327   0.0677261
          195.14257e+162 0.000727899   0.0700743
          195.20936e+162 0.000738667   0.0720028
          195.27615e+162 0.000753521   0.0743838
          195.34293e+162 0.000760119   0.0759469
          195.40972e+162 0.000765732   0.0774319
          195.47651e+162 0.000757736   0.0775404
          195.54329e+162  0.00074439   0.0770665
          195.61008e+162 0.000734121   0.0769045
          195.67687e+162 0.000719666   0.0762567
          195.74365e+162 0.000706908   0.0757762
          195.81044e+162 0.000685384   0.0742753
          195.87723e+162  0.00066899   0.0733177
          195.94401e+162 0.000650081   0.0720304
          19 6.0108e+162 0.000640389   0.0717285
          196.07759e+162 0.000621238   0.0703384
          196.14437e+162 0.000607806   0.0695487
          196.21116e+162 0.000593031   0.0685841
          196.27795e+162 0.000579704   0.0677437
          196.34473e+162 0.000572233   0.0675616
          196.41152e+162 0.000565681   0.0674753
          196.47831e+162 0.000564866   0.0680589
          196.54509e+162 0.000563257   0.0685494
          196.61188e+162 0.000563388   0.0692482
          20           0           0           0
          206.67867e+160           0           0
          201.33573e+161           0           0
          20 2.0036e+161           0           0
          202.67147e+161           0           0
          203.33933e+161           0           0
          20 4.0072e+161           0           0
          204.67507e+161           0           0
          205.34293e+161           0           0
          20 6.0108e+161           0           0
          206.67867e+161           0           0
          207.34653e+161           0           0
          20 8.0144e+161           0           0
          208.68227e+161           0           0
          209.35013e+161           0           0
          20 1.0018e+162           0           0
          201.06859e+162           0           0
          201.13537e+162           0           0
          201.20216e+162           0           0
          201.26895e+162           0           0
          201.33573e+162           0           0
          201.40252e+162           0           0
          201.46931e+162           0           0
          201.53609e+162           0           0
          201.60288e+162           0           0
          201.66967e+162           0           0
          201.73645e+162           0           0
          201.80324e+162           0           0
          201.87003e+162           0           0
          201.93681e+162           0           0
          20 2.0036e+162           0           0
          202.07039e+162           0           0
          202.13717e+162           0           0
          202.20396e+162           0           0
          202.27075e+162  6.5492e-07 4.57349e-05
          202.33753e+162 1.62239e-05 0.000740495
          202.40432e+162 0.000104363  0.00476022
          202.47111e+162 0.000347056   0.0161942
          202.53789e+162 0.000728375   0.0348281
          202.60468e+162  0.00112738   0.0552389
          202.67147e+162  0.00139693   0.0700915
          202.73825e+162  0.00152755   0.0784407
          202.80504e+162  0.00152911    0.080318
          202.87183e+162  0.00143378   0.0770093
          202.93861e+162  0.00132099   0.0725198
          20 3.0054e+162   0.0011762   0.0659535
          203.07219e+162  0.00106066   0.0607374
          203.13897e+162 0.000935682   0.0546823
          203.20576e+162 0.000826969   0.0493005
          203.27255e+162 0.000756271   0.0459982
          203.33933e+162 0.000683689   0.0423988
          203.40612e+162  0.00061609   0.0389273
          203.47291e+162 0.000572576   0.0368546
          203.53969e+162 0.000526242   0.0344886
          203.60648e+162 0.000488978   0.0326444
          203.67327e+162 0.000468942    0.031852
          203.74005e+162  0.00045862   0.0316922
          203.80684e+162 0.000444799   0.0312514
          203.87363e+162 0.000430529   0.0307702
          203.94041e+162 0.000420344    0.030542
          20 4.0072e+162 0.000414978   0.0306278
          204.07399e+162 0.000419336   0.0314608
          204.14077e+162 0.000426056   0.0324538
          204.20756e+162  0.00043056   0.0333136
          204.27435e+162 0.000434838   0.0341516
          204.34113e+162 0.000448976   0.0357852
          204.40792e+162 0.000467434   0.0378094
          204.47471e+162  0.00048495   0.0398087
          204.54149e+162 0.000509587   0.0424091
          204.60828e+162 0.000530101   0.0447409
          204.67507e+162 0.000549819   0.0470509
          204.74185e+162 0.000583024   0.0505821
          204.80864e+162 0.000617863   0.0543323
          204.87543e+162 0.000640901   0.0571223
          204.94221e+162 0.000661782   0.0597696
          20  5.009e+162 0.000685712   0.0627329
          205.07579e+162 0.000711466   0.0659311
          205.14257e+162 0.000726294   0.0681519
          205.20936e+162 0.000737395   0.0700603
          205.27615e+162 0.000751122    0.072275
          205.34293e+162  0.00075849   0.0738673
          205.40972e+162 0.000764245   0.0753264
          205.47651e+162 0.000757743   0.0755767
          205.54329e+162 0.000744365    0.075112
          205.61008e+162 0.000733013   0.0748445
          205.67687e+162 0.000719654   0.0743236
          205.74365e+162 0.000707423   0.0739099
          205.81044e+162 0.000686391   0.0725019
          205.87723e+162 0.000669181   0.0714808
          205.94401e+162 0.000650317   0.0702313
          20 6.0108e+162 0.000639655   0.0698324
          206.07759e+162 0.000620861   0.0685153
          206.14437e+162  0.00060816   0.0678269
          206.21116e+162 0.000593149     0.06686
          206.27795e+162 0.000579474   0.0660015
          206.34473e+162 0.000572385   0.0658677
          206.41152e+162 0.000565859   0.0657866
          206.47831e+162 0.000565587   0.0664205
          206.54509e+162 0.000563593    0.066853
          206.61188e+162 0.000564149   0.0675862
